 Etot  =       -1.861262
 Ekin  =        1.828807
 Ecoul =        0.592276
 Eenuc =       -3.824018
 Exc   =       -0.458327
 1s         -1.410882
