 Etot  =      -14.098457
 Ekin  =       13.981340
 Ecoul =        5.765831
 Eenuc =      -31.553144
 Exc   =       -2.292484
 1s         -4.277406
 2s         -0.501209
