 Etot  =      -24.041449
 Ekin  =       23.886081
 Ecoul =        9.559387
 Eenuc =      -54.226366
 Exc   =       -3.260551
 1s         -7.042961
 2s         -0.713291
