 Etot  =      -37.030361
 Ekin  =       36.835503
 Ecoul =       14.914418
 Eenuc =      -84.380441
 Exc   =       -4.399841
 1s        -10.498293
 2s         -0.940809
 2p         -0.629324
