 Etot  =     -127.503549
 Ekin  =      127.228437
 Ecoul =       58.710809
 Eenuc =     -302.340472
 Exc   =      -11.102324
 1s        -31.144915
 2s         -2.030929
 2p         -1.192237
