 Etot  =       -0.478671
 Ekin  =        0.466643
 Ecoul =        0.298377
 Eenuc =       -0.965619
 Exc   =       -0.278072
 1sD        -0.268975
 1su        -0.100175
