 Etot  =       -0.445668
 Ekin  =        0.425020
 Ecoul =        0.282824
 Eenuc =       -0.920997
 Exc   =       -0.232516
 1sP        -0.233463
