 Etot  =       -7.335231
 Ekin  =        7.237592
 Ecoul =        3.990730
 Eenuc =      -16.911917
 Exc   =       -1.651635
 1sP        -1.878216
 2sP        -0.105540
