 Etot  =      -53.538712
 Ekin  =       53.306802
 Ecoul =       22.189690
 Eenuc =     -123.290604
 Exc   =       -5.744600
 1s        -14.633384
 2s         -1.184950
 2p         -0.765234
