 Etot  =      -98.443282
 Ekin  =       98.165158
 Ecoul =       43.770861
 Eenuc =     -231.291912
 Exc   =       -9.087388
 1s        -24.954621
 2s         -1.729258
 2p         -1.046083
