 Etot  =       -7.142818
 Ekin  =        7.056785
 Ecoul =        3.243781
 Eenuc =      -15.912805
 Exc   =       -1.530579
 1sD        -2.190276
 1su        -2.190276
