 Etot  =       -1.861237
 Ekin  =        1.828737
 Ecoul =        0.592268
 Eenuc =       -3.823853
 Exc   =       -0.458389
 1s         -1.410933
