 Etot  =     -161.250340
 Ekin  =      160.718955
 Ecoul =       76.774839
 Eenuc =     -385.344451
 Exc   =      -13.399684
 1s        -38.005004
 2s         -2.347376
 2p         -1.343362
