 Etot  =       -7.142850
 Ekin  =        7.056882
 Ecoul =        3.243734
 Eenuc =      -15.913639
 Exc   =       -1.529827
 1sP        -2.189943
