 Etot  =      -24.041449
 Ekin  =       23.887213
 Ecoul =        9.559627
 Eenuc =      -54.227659
 Exc   =       -3.260631
 1sP        -7.042862
 2sP        -0.713282
