 Etot  =      -14.447997
 Ekin  =       14.311376
 Ecoul =        7.115647
 Eenuc =      -33.362056
 Exc   =       -2.512964
 1s         -3.855605
 2s         -0.205753
