 Etot  =      -14.097687
 Ekin  =       13.979390
 Ecoul =        5.765522
 Eenuc =      -31.548250
 Exc   =       -2.294349
 1s         -4.278170
 2s         -0.501175
