 Etot  =      -37.021849
 Ekin  =       36.812417
 Ecoul =       14.910519
 Eenuc =      -84.338374
 Exc   =       -4.406410
 1s        -10.499920
 2s         -0.940540
 2p         -0.629402
