 Etot  =      -73.863138
 Ekin  =       73.538518
 Ecoul =       31.687656
 Eenuc =     -171.769269
 Exc   =       -7.320043
 1s        -19.451186
 2s         -1.446254
 2p         -0.904136
