 Etot  =      -98.380295
 Ekin  =       97.990792
 Ecoul =       43.744989
 Eenuc =     -231.005832
 Exc   =       -9.110244
 1s        -24.951082
 2s         -1.727119
 2p         -1.046454
