 Etot  =     -127.400068
 Ekin  =      126.941514
 Ecoul =       58.669065
 Eenuc =     -301.876492
 Exc   =      -11.134156
 1s        -31.135434
 2s         -2.027399
 2p         -1.192774
