 Etot  =       -2.834836
 Ekin  =        2.767922
 Ecoul =        1.996120
 Eenuc =       -6.625564
 Exc   =       -0.973314
 1s         -0.570425
