 Etot  =      -37.425749
 Ekin  =       37.190391
 Ecoul =       17.627997
 Eenuc =      -87.515412
 Exc   =       -4.728724
 1s         -9.947718
 2s         -0.500866
 2p         -0.199186
