 Etot  =      -99.099648
 Ekin  =       98.676131
 Ecoul =       49.535385
 Eenuc =     -237.688846
 Exc   =       -9.622319
 1s        -24.189391
 2s         -1.086859
 2p         -0.415606
