 Etot  =       -2.834785
 Ekin  =        2.767751
 Ecoul =        1.996030
 Eenuc =       -6.625471
 Exc   =       -0.973096
 1s         -0.570348
