 Etot  =       -7.335231
 Ekin  =        7.237481
 Ecoul =        3.990704
 Eenuc =      -16.911792
 Exc   =       -1.651624
 1s         -1.878227
 2s         -0.105541
