 Etot  =      -54.043482
 Ekin  =       53.782518
 Ecoul =       25.807921
 Eenuc =     -127.504081
 Exc   =       -6.129840
 1s        -14.010307
 2s         -0.676692
 2p         -0.266162
