 Etot  =       -7.335195
 Ekin  =        7.237484
 Ecoul =        3.990755
 Eenuc =      -16.911041
 Exc   =       -1.652393
 1s         -1.878564
 2s         -0.105540
