 Etot  =      -24.344198
 Ekin  =       24.161047
 Ecoul =       11.503002
 Eenuc =      -56.484587
 Exc   =       -3.523660
 1s         -6.564347
 2s         -0.344701
 2p         -0.136603
