 Etot  =     -128.233481
 Ekin  =      127.738667
 Ecoul =       65.726488
 Eenuc =     -309.988206
 Exc   =      -11.710430
 1s        -30.305855
 2s         -1.322809
 2p         -0.498034
