 Etot  =       -0.445671
 Ekin  =        0.425027
 Ecoul =        0.282827
 Eenuc =       -0.920999
 Exc   =       -0.232525
 1s         -0.233471
