 Etot  =      -14.447209
 Ekin  =       14.309424
 Ecoul =        7.115257
 Eenuc =      -33.357034
 Exc   =       -2.514856
 1s         -3.856411
 2s         -0.205744
