 Etot  =      -54.025016
 Ekin  =       53.731727
 Ecoul =       25.799845
 Eenuc =     -127.416229
 Exc   =       -6.140359
 1s        -14.011501
 2s         -0.676151
 2p         -0.266297
