 Etot  =      -74.473077
 Ekin  =       74.116881
 Ecoul =       36.331102
 Eenuc =     -177.152578
 Exc   =       -7.768482
 1s        -18.758245
 2s         -0.871362
 2p         -0.338381
