 Etot  =       -7.142850
 Ekin  =        7.056788
 Ecoul =        3.243717
 Eenuc =      -15.913535
 Exc   =       -1.529819
 1s         -2.189950
