 Etot  =      -73.898979
 Ekin  =       73.637423
 Ecoul =       31.702771
 Eenuc =     -171.934980
 Exc   =       -7.304194
 1s        -19.451400
 2s         -1.447458
 2p         -0.903894
