 Etot  =     -161.411678
 Ekin  =      161.166592
 Ecoul =       76.839181
 Eenuc =     -386.060884
 Exc   =      -13.356568
 1s        -38.023971
 2s         -2.352876
 2p         -1.342618
