 Etot  =       -1.861262
 Ekin  =        1.828812
 Ecoul =        0.592277
 Eenuc =       -3.824024
 Exc   =       -0.458328
 1sP        -1.410882
