 Etot  =      -14.098457
 Ekin  =       13.981701
 Ecoul =        5.765907
 Eenuc =      -31.553552
 Exc   =       -2.292513
 1sP        -4.277374
 2sP        -0.501206
