 Etot  =      -14.447997
 Ekin  =       14.311787
 Ecoul =        7.115741
 Eenuc =      -33.362526
 Exc   =       -2.512998
 1sP        -3.855566
 2sP        -0.205751
