 Etot  =       -1.941703
 Ekin  =        1.923780
 Ecoul =        0.609461
 Eenuc =       -3.922578
 Exc   =       -0.552365
 1sD        -1.510389
 1su        -1.051640
