 Etot  =       -2.834785
 Ekin  =        2.767773
 Ecoul =        1.996036
 Eenuc =       -6.625496
 Exc   =       -0.973098
 1sP        -0.570345
