 Etot  =       -0.445668
 Ekin  =        0.425020
 Ecoul =        0.282824
 Eenuc =       -0.920996
 Exc   =       -0.232515
 1s         -0.233463
