 Etot  =      -24.347331
 Ekin  =       24.169382
 Ecoul =       11.504547
 Eenuc =      -56.501346
 Exc   =       -3.519913
 1s         -6.563041
 2s         -0.344768
 2p         -0.136568
