 Etot  =      -37.434170
 Ekin  =       37.213317
 Ecoul =       17.631889
 Eenuc =      -87.557199
 Exc   =       -4.722177
 1s         -9.946149
 2s         -0.501090
 2p         -0.199111
