 Etot  =      -74.508648
 Ekin  =       74.215239
 Ecoul =       36.346037
 Eenuc =     -177.317352
 Exc   =       -7.752572
 1s        -18.758595
 2s         -0.872460
 2p         -0.338161
