 Etot  =      -99.162225
 Ekin  =       98.849634
 Ecoul =       49.560919
 Eenuc =     -237.973450
 Exc   =       -9.599327
 1s        -24.193118
 2s         -1.088847
 2p         -0.415272
