 Etot  =     -128.336369
 Ekin  =      128.024308
 Ecoul =       65.767675
 Eenuc =     -310.449994
 Exc   =      -11.678358
 1s        -30.315584
 2s         -1.326130
 2p         -0.497551
