 Etot  =      -24.038275
 Ekin  =       23.877686
 Ecoul =        9.557870
 Eenuc =      -54.209497
 Exc   =       -3.264334
 1s         -7.044297
 2s         -0.713196
