 Etot  =      -53.520082
 Ekin  =       53.255692
 Ecoul =       22.181541
 Eenuc =     -123.202205
 Exc   =       -5.755110
 1s        -14.634672
 2s         -1.184338
 2p         -0.765380
